File: rex.grs.  draw
***********************************
0.1583  0.5765  0.5067  0.1936
31
32
  0.4423  0.5761
  0.4479  0.5761
  0.4531  0.5756
  0.4579  0.5735
  0.4626  0.5713
  0.4669  0.5705
  0.4721  0.5692
  0.4803  0.5666
  0.4859  0.5653
  0.4928  0.5627
  0.4989  0.5579
  0.5036  0.5528
  0.5058  0.5480
  0.5067  0.5441
  0.5028  0.5424
  0.4976  0.5428
  0.4941  0.5437
  0.4890  0.5445
  0.4829  0.5445
  0.4773  0.5441
  0.4691  0.5458
  0.4648  0.5454
  0.4583  0.5441
  0.4509  0.5454
  0.4453  0.5458
  0.4423  0.5484
  0.4401  0.5528
  0.4393  0.5549
  0.4380  0.5588
  0.4363  0.5601
  0.4341  0.5601
  0.4332  0.5597
41
  0.4479  0.5454
  0.4479  0.5432
  0.4492  0.5411
  0.4522  0.5381
  0.4553  0.5355
  0.4604  0.5329
  0.4635  0.5320
  0.4700  0.5299
  0.4730  0.5286
  0.4782  0.5268
  0.4825  0.5260
  0.4872  0.5251
  0.4907  0.5242
  0.4963  0.5234
  0.4993  0.5225
  0.5006  0.5221
  0.4972  0.5186
  0.4954  0.5169
  0.4933  0.5156
  0.4903  0.5152
  0.4872  0.5147
  0.4833  0.5152
  0.4803  0.5152
  0.4764  0.5152
  0.4708  0.5165
  0.4674  0.5165
  0.4626  0.5178
  0.4592  0.5195
  0.4566  0.5191
  0.4514  0.5191
  0.4475  0.5186
  0.4436  0.5186
  0.4388  0.5191
  0.4306  0.5204
  0.4272  0.5225
  0.4233  0.5268
  0.4194  0.5316
  0.4160  0.5381
  0.4168  0.5454
  0.4181  0.5493
  0.4181  0.5493
24
  0.4406  0.5756
  0.4255  0.5756
  0.4216  0.5765
  0.4129  0.5739
  0.4099  0.5731
  0.4030  0.5705
  0.3952  0.5666
  0.3922  0.5640
  0.3870  0.5558
  0.3844  0.5502
  0.3823  0.5420
  0.3801  0.5350
  0.3805  0.5281
  0.3814  0.5195
  0.3827  0.5126
  0.3853  0.5044
  0.3900  0.4953
  0.3926  0.4892
  0.3939  0.4819
  0.3922  0.4741
  0.3896  0.4668
  0.3861  0.4625
  0.3779  0.4534
  0.3779  0.4534
50
  0.4579  0.5199
  0.4535  0.5173
  0.4535  0.5165
  0.4527  0.5156
  0.4509  0.5130
  0.4501  0.5083
  0.4471  0.5035
  0.4440  0.4979
  0.4423  0.4949
  0.4410  0.4914
  0.4393  0.4884
  0.4380  0.4858
  0.4328  0.4823
  0.4319  0.4797
  0.4298  0.4754
  0.4280  0.4720
  0.4276  0.4676
  0.4302  0.4633
  0.4315  0.4573
  0.4319  0.4543
  0.4337  0.4495
  0.4350  0.4469
  0.4371  0.4422
  0.4380  0.4378
  0.4376  0.4340
  0.4371  0.4288
  0.4363  0.4240
  0.4350  0.4206
  0.4341  0.4128
  0.4324  0.4041
  0.4302  0.3981
  0.4285  0.3946
  0.4255  0.3925
  0.4185  0.3890
  0.4125  0.3791
  0.4086  0.3748
  0.4082  0.3722
  0.4052  0.3644
  0.4043  0.3618
  0.4030  0.3558
  0.4013  0.3454
  0.3944  0.3355
  0.3887  0.3294
  0.3844  0.3255
  0.3788  0.3212
  0.3740  0.3173
  0.3654  0.3113
  0.3581  0.3069
  0.3516  0.3031
  0.3477  0.3018
35
  0.3766  0.4524
  0.3706  0.4463
  0.3693  0.4420
  0.3667  0.4368
  0.3637  0.4334
  0.3550  0.4265
  0.3464  0.4217
  0.3404  0.4200
  0.3300  0.4178
  0.3231  0.4152
  0.3127  0.4070
  0.3032  0.4010
  0.2980  0.3984
  0.2876  0.3859
  0.2825  0.3751
  0.2786  0.3647
  0.2734  0.3539
  0.2686  0.3383
  0.2639  0.3211
  0.2604  0.3120
  0.2574  0.3025
  0.2483  0.2839
  0.2367  0.2632
  0.2263  0.2506
  0.2112  0.2429
  0.1965  0.2420
  0.1809  0.2506
  0.1736  0.2623
  0.1766  0.2748
  0.1917  0.2874
  0.2120  0.2865
  0.2272  0.2787
  0.2362  0.2684
  0.2371  0.2666
  0.2371  0.2658
33
  0.3277  0.3742
  0.3320  0.3673
  0.3355  0.3608
  0.3393  0.3552
  0.3437  0.3483
  0.3463  0.3409
  0.3493  0.3288
  0.3510  0.3185
  0.3467  0.3068
  0.3471  0.2964
  0.3484  0.2891
  0.3471  0.2835
  0.3415  0.2757
  0.3385  0.2718
  0.3350  0.2619
  0.3376  0.2537
  0.3454  0.2476
  0.3514  0.2433
  0.3692  0.2355
  0.3769  0.2325
  0.3843  0.2316
  0.3890  0.2325
  0.3951  0.2303
  0.3998  0.2243
  0.4003  0.2182
  0.3946  0.2169
  0.3920  0.2165
  0.3869  0.2165
  0.3834  0.2148
  0.3778  0.2152
  0.3752  0.2152
  0.3730  0.2144
  0.3748  0.2144
41
  0.3648  0.2299
  0.3657  0.2273
  0.3687  0.2204
  0.3722  0.2169
  0.3774  0.2139
  0.3800  0.2122
  0.3795  0.2079
  0.3752  0.2040
  0.3692  0.2027
  0.3674  0.2023
  0.3618  0.2070
  0.3601  0.2087
  0.3571  0.2131
  0.3566  0.2144
  0.3558  0.2161
  0.3553  0.2169
  0.3523  0.2195
  0.3506  0.2213
  0.3484  0.2226
  0.3445  0.2239
  0.3406  0.2234
  0.3363  0.2226
  0.3333  0.2234
  0.3329  0.2260
  0.3333  0.2286
  0.3320  0.2364
  0.3311  0.2372
  0.3255  0.2433
  0.3216  0.2468
  0.3173  0.2515
  0.3113  0.2571
  0.3056  0.2666
  0.3035  0.2731
  0.3061  0.2826
  0.3139  0.2964
  0.3143  0.3029
  0.3095  0.3120
  0.3035  0.3189
  0.2923  0.3293
  0.2815  0.3418
  0.2806  0.3452
6
  0.3130  0.3016
  0.3074  0.3029
  0.3022  0.3059
  0.2970  0.3107
  0.2901  0.3159
  0.2875  0.3185
8
  0.3497  0.3280
  0.3536  0.3327
  0.3501  0.3444
  0.3519  0.3548
  0.3506  0.3625
  0.3467  0.3729
  0.3437  0.3781
  0.3441  0.3776
26
  0.3908  0.3314
  0.3942  0.3271
  0.3955  0.3219
  0.3920  0.3107
  0.3882  0.3008
  0.3808  0.2878
  0.3761  0.2826
  0.3743  0.2779
  0.3782  0.2701
  0.3830  0.2632
  0.3895  0.2550
  0.3942  0.2515
  0.3994  0.2489
  0.4041  0.2489
  0.4132  0.2532
  0.4201  0.2502
  0.4244  0.2446
  0.4244  0.2368
  0.4197  0.2372
  0.4106  0.2360
  0.3985  0.2377
  0.3925  0.2381
  0.3869  0.2372
  0.3756  0.2355
  0.3717  0.2355
  0.3704  0.2360
13
  0.3488  0.2960
  0.3566  0.2826
  0.3562  0.2796
  0.3545  0.2705
  0.3514  0.2666
  0.3510  0.2649
  0.3549  0.2576
  0.3601  0.2537
  0.3653  0.2476
  0.3666  0.2424
  0.3653  0.2420
  0.3640  0.2398
  0.3640  0.2403
40
  0.3026  0.2684
  0.3000  0.2675
  0.2957  0.2649
  0.2888  0.2558
  0.2832  0.2489
  0.2750  0.2416
  0.2689  0.2411
  0.2637  0.2381
  0.2538  0.2329
  0.2512  0.2303
  0.2404  0.2286
  0.2357  0.2252
  0.2279  0.2239
  0.2188  0.2221
  0.2106  0.2204
  0.2063  0.2208
  0.1808  0.2256
  0.1730  0.2282
  0.1713  0.2299
  0.1678  0.2342
  0.1644  0.2390
  0.1609  0.2463
  0.1592  0.2524
  0.1583  0.2584
  0.1588  0.2666
  0.1596  0.2722
  0.1614  0.2787
  0.1661  0.2835
  0.1717  0.2895
  0.1778  0.2960
  0.1843  0.2986
  0.1929  0.2999
  0.2028  0.2977
  0.2115  0.2925
  0.2180  0.2887
  0.2231  0.2865
  0.2288  0.2792
  0.2300  0.2757
  0.2313  0.2740
  0.2322  0.2722
13
  0.3967  0.2286
  0.4053  0.2295
  0.4075  0.2290
  0.4088  0.2269
  0.4109  0.2234
  0.4122  0.2200
  0.4126  0.2169
  0.4126  0.2161
  0.4113  0.2178
  0.4075  0.2187
  0.4036  0.2195
  0.4005  0.2200
  0.3997  0.2187
13
  0.3742  0.2118
  0.3785  0.2122
  0.3841  0.2105
  0.3859  0.2053
  0.3854  0.1997
  0.3846  0.1936
  0.3820  0.1971
  0.3785  0.2010
  0.3746  0.2027
  0.3690  0.2053
  0.3707  0.2100
  0.3729  0.2122
  0.3755  0.2131
15
  0.4200  0.2476
  0.4226  0.2485
  0.4243  0.2489
  0.4273  0.2493
  0.4308  0.2489
  0.4342  0.2468
  0.4351  0.2433
  0.4355  0.2398
  0.4351  0.2334
  0.4316  0.2372
  0.4273  0.2390
  0.4234  0.2385
  0.4191  0.2407
  0.4187  0.2442
  0.4200  0.2472
6
  0.4165  0.2519
  0.4170  0.2528
  0.4208  0.2541
  0.4256  0.2519
  0.4269  0.2511
  0.4273  0.2506
28
  0.3975  0.4201
  0.3988  0.4149
  0.3984  0.4136
  0.3984  0.4102
  0.3992  0.4063
  0.4031  0.4011
  0.4075  0.4003
  0.4100  0.3972
  0.4109  0.3899
  0.4092  0.3873
  0.4083  0.3812
  0.4010  0.3717
  0.3997  0.3800
  0.3992  0.3843
  0.3919  0.3743
  0.3936  0.3787
  0.3945  0.3834
  0.3954  0.3886
  0.3958  0.3908
  0.3954  0.3972
  0.3919  0.3981
  0.3880  0.4003
  0.3854  0.4028
  0.3837  0.4080
  0.3837  0.4106
  0.3833  0.4167
  0.3828  0.4184
  0.3828  0.4193
5
  0.3833  0.4046
  0.3781  0.4054
  0.3746  0.4076
  0.3738  0.4106
  0.3764  0.4093
7
  0.3992  0.4111
  0.3988  0.4149
  0.3988  0.4201
  0.3975  0.4266
  0.3958  0.4340
  0.3880  0.4361
  0.3837  0.4357
7
  0.3992  0.4149
  0.4018  0.4171
  0.4031  0.4188
  0.4027  0.4219
  0.4023  0.4262
  0.4031  0.4296
  0.4031  0.4305
17
  0.4312  0.3990
  0.4399  0.3968
  0.4446  0.3933
  0.4463  0.3912
  0.4489  0.3808
  0.4481  0.3782
  0.4455  0.3722
  0.4412  0.3700
  0.4412  0.3704
  0.4433  0.3761
  0.4433  0.3791
  0.4394  0.3825
  0.4377  0.3847
  0.4355  0.3877
  0.4316  0.3877
  0.4269  0.3899
  0.4217  0.3908
11
  0.4399  0.3817
  0.4390  0.3787
  0.4364  0.3761
  0.4329  0.3748
  0.4299  0.3752
  0.4308  0.3756
  0.4334  0.3778
  0.4329  0.3812
  0.4338  0.3834
  0.4351  0.3860
  0.4351  0.3860
11
  0.4321  0.5205
  0.4321  0.5132
  0.4312  0.5101
  0.4304  0.5032
  0.4278  0.4976
  0.4243  0.4933
  0.4230  0.4890
  0.4200  0.4816
  0.4204  0.4756
  0.4204  0.4712
  0.4213  0.4678
22
  0.4576  0.5669
  0.4567  0.5673
  0.4545  0.5686
  0.4524  0.5695
  0.4520  0.5703
  0.4485  0.5699
  0.4481  0.5695
  0.4455  0.5673
  0.4446  0.5669
  0.4468  0.5664
  0.4489  0.5664
  0.4502  0.5660
  0.4528  0.5660
  0.4545  0.5656
  0.4563  0.5656
  0.4584  0.5651
  0.4628  0.5647
  0.4645  0.5651
  0.4658  0.5647
  0.4701  0.5634
  0.4710  0.5630
  0.4710  0.5630
8
  0.4960  0.5539
  0.4917  0.5552
  0.4900  0.5543
  0.4904  0.5526
  0.4930  0.5513
  0.4947  0.5509
  0.4973  0.5496
  0.4960  0.5500
2
  0.4986  0.5418
  0.4964  0.5340
2
  0.4952  0.5414
  0.4977  0.5345
12
  0.4895  0.5440
  0.4861  0.5353
  0.4844  0.5448
  0.4822  0.5375
  0.4800  0.5448
  0.4774  0.5371
  0.4766  0.5431
  0.4744  0.5384
  0.4731  0.5427
  0.4714  0.5375
  0.4710  0.5453
  0.4714  0.5448
6
  0.4640  0.5457
  0.4606  0.5427
  0.4602  0.5414
  0.4589  0.5384
  0.4589  0.5371
  0.4597  0.5366
16
  0.4917  0.5241
  0.4900  0.5314
  0.4891  0.5258
  0.4856  0.5319
  0.4839  0.5258
  0.4835  0.5319
  0.4818  0.5271
  0.4796  0.5323
  0.4787  0.5271
  0.4753  0.5332
  0.4748  0.5280
  0.4718  0.5345
  0.4697  0.5284
  0.4679  0.5336
  0.4671  0.5297
  0.4671  0.5306
3
  0.4956  0.5431
  0.4921  0.5358
  0.4887  0.5448 